#从雨至BOSS
193 153
193 158
192 161
193 168
196 171
200 175
201 177
203 180
204 185
204 190
204 195
204 201
204 206
202 209
198 213
198 219
198 225
198 230
195 234
190 239
185 244
180 246
177 251
173 254
170 259
166 261
162 264
156 269
151 274
149 278
145 282
142 285
139 288
139 292
138 296
137 300
137 306
136 309
140 314
143 318
143 323
143 329
143 333
142 337
140 341
139 345
136 348
134 352
134 359
135 367
135 373
135 380
135 384
135 391
137 395
138 399
140 402
142 409
145 412
146 415
148 419
154 418
154 418
