57 264
57 263
57 262
57 261
57 260
57 208
58 259
58 258
58 257
58 256
58 255
58 254
58 253
58 252
58 251
58 250
58 249
58 248
58 247
58 246
58 245
58 244
59 244
59 243
60 243
61 244
62 244
63 244
64 244
65 244
66 244
67 244
68 244
69 244
70 244
71 244
72 244
73 244
74 245
75 245
75 244
76 244
77 244
78 244
79 244
80 244
81 244
82 244
83 244
84 244
85 244
86 244
87 244
87 243
88 243
89 243
90 243
91 243
92 243
93 243
94 243
95 243
96 243
97 243
98 243
99 243
100 243
101 243
102 243
103 243
104 243
105 243
106 243
107 244
108 245
109 245
109 244
110 245
110 244
111 244
111 243
112 243
113 243
114 243
115 244
116 244
117 244
118 244
119 244
120 244
121 244
122 244
123 244
124 244
125 244
126 244
127 244
128 245
129 245
130 245
131 245
132 245
133 246
134 247
135 248
136 249
137 250
138 251
139 252
140 253
141 254
142 255
143 256
144 257
145 258
146 258
147 258
148 259
149 260
149 259
150 259
149 258
150 258
151 258
151 257
152 257
152 256
153 256
153 255
154 255
154 254
154 253
154 252
154 251
154 250
155 250
155 249
154 248
155 248
155 247
156 247
156 246
157 246
157 245
158 244
159 244
159 243
159 242
159 241
159 240
159 239
159 238
159 237
159 236
159 235
159 234
159 233
159 232
159 231
159 230
159 229
159 228
159 227
159 226
159 225
159 224
159 223
159 222
159 221
160 221
160 220
161 220
161 219
162 219
162 218
163 218
163 217
163 216
164 216
164 215
165 215
165 214
166 214
166 213
167 213
167 212
168 212
168 211
169 211
169 210
170 210
170 209
170 208
171 208
171 207
172 207
172 206
173 206
174 206
175 206
175 205
176 205
176 204
177 204
178 204
179 204
180 204
181 204
182 204
183 204
184 204
185 204
186 204
187 204
188 204
189 204
190 204
191 204
192 204
193 204
194 204
195 205
196 205
197 205
198 205
199 205
200 205
201 205
202 205
203 205
204 205
205 205
205 204
206 205
207 205
208 205
209 205
210 205
211 205
212 205
213 205
214 205
215 205
216 205
217 205
218 205
219 206
220 207
221 208
222 208
223 208
224 208
225 208
226 208
227 208
228 208
229 208
230 208
231 209
231 208
232 208
233 208
234 208
235 208
236 208
237 208
238 208
239 208
240 208
241 208
242 208
243 208
244 208
245 208
246 208
247 208
248 208
249 208
250 209
251 210
252 211
253 212
254 213
255 214
256 215
257 216
258 217
259 218
260 219
261 220
262 221
263 222
262 222
263 223
264 224
265 225
266 226
267 227
268 208
268 228
269 229
270 230
271 231
272 232
271 232
271 233
272 234
272 235
271 235
271 236
271 237
271 238
271 239
271 240
271 241
271 242
271 243
271 244
271 245
271 246
272 247
271 248
271 249
271 250
271 251
271 252
271 253
272 254
272 255
271 255
271 256
271 257
271 258
271 259
271 260
271 261
271 262
271 263
271 264
272 265
273 265
274 266
275 267
275 268
275 269
275 270
275 271
275 272
275 273
275 274
275 275
275 276
275 277
275 278
275 279
275 280
275 281
275 282
275 283
275 284
275 285
275 286
275 287
275 288
275 289
275 290
275 291
275 292
275 293
275 294
274 294
274 295
274 296
274 297
274 298
274 299
274 300
274 301
274 302
274 303
274 304
274 305
274 306
274 307
274 308
274 309
274 310
274 311
274 312
274 313
274 314
274 315
274 316
274 317
274 318
274 319
274 320
274 321
274 322
274 323
274 324
274 325
274 326
274 327
274 328
274 329
274 330
274 331
274 332
274 333
274 334
274 335
274 336
274 337
273 338
274 339
274 340
274 341
274 342
274 343
274 344
274 345
274 346
274 347
274 348
274 349
274 350
274 351
274 352
274 353
274 354
273 354
273 355
273 356
273 357
273 358
273 359
272 359
272 360
271 360
271 361
270 361
270 362
269 362
269 363
268 363
268 364
268 365
268 366
268 367
267 367
267 368
266 368
266 369
265 369
265 370
264 370
264 371
263 371
263 372
262 372
262 373
262 374
262 375
262 376
262 377
261 377
261 378
261 379
260 379
260 380
259 380
259 381
258 381
258 382
257 382
257 383
256 383
255 383
255 384
254 383
254 384
253 384
253 385
252 384
252 385
251 385
250 385
250 386
249 386
249 387
248 386
247 385
247 386
246 385
246 386
245 386
244 386
243 386
242 386
242 387
241 387
241 388
240 388
239 387
239 388
238 387
238 388
237 387
237 388
236 387
236 388
235 387
235 388
234 387
234 388
233 388
233 389
232 389
231 389
230 388
229 387
228 386
227 385
226 384
225 383
224 382
223 382
222 382
221 381
220 380
219 379
218 378
217 377
216 376
215 375
214 374
214 373
214 372
213 371
214 371
213 370
212 369
213 369
213 368
213 367
213 366
213 365
213 364
212 363
211 362
211 361
211 360
211 359
211 358
211 357
211 356
211 354
211 353
211 352
211 351
211 350
211 349
211 348
210 347
209 346
210 346
210 345
210 344
210 343
210 342
211 342
211 341
211 340
211 339
211 338
211 337
211 340
211 339
211 338
211 337
211 336
211 335
212 335
212 334
213 334
213 333
214 333
214 332
215 332
215 331
216 331
216 330
217 330
217 329
217 328
217 327
217 326
218 326
218 325
219 325
219 324
220 324
221 324
221 323
222 323
222 322
223 322
223 321
224 321
225 321
225 320
225 319
225 318
225 317
225 316
225 315
225 314
225 313
225 312
225 311
225 310
225 309
225 308
226 308
226 307
225 306
225 305
225 303
225 302
225 301
225 300
225 299
225 298
226 298
226 297
226 296
226 295
226 294
226 293
226 292
226 291
226 290
226 289
227 289
227 288
226 287
226 286
226 285
226 284
226 283
226 282
226 281
226 280
226 279
226 278
226 277
226 276
226 275
226 274
226 273
226 272
226 271
226 270
227 270
227 269
228 269
228 268
229 268
229 267
229 266
229 265
229 264
229 263
229 262
229 261
230 261
230 260
230 259
230 258
230 257
230 256
231 256
231 255
231 254
232 254
232 253
233 253
233 252
234 252
234 251
234 250
234 249
234 248
234 247
234 246
235 246
235 245
236 245
236 244
237 244
237 243
238 243
238 242
239 242
240 243
241 243
242 243
243 243
244 243
245 243
246 243
247 244
248 245
249 246
250 247
251 248
252 249
253 250
254 251
255 252
255 253
255 254
255 255
256 256
256 257
256 258
255 258
255 259
255 260
255 261
255 262
255 263
255 264
255 265
255 266
255 267
255 268
255 269
255 270
255 271
255 272
255 273
255 274
255 275
255 276
255 277
255 278
255 279
255 280
255 281
255 282
255 283
255 284
255 285
255 286
255 287
255 288
255 289
255 290
255 291
255 292
255 293
255 294
254 294
254 295
253 295
254 296
254 297
254 298
254 299
254 300
254 301
253 301
254 302
254 303
254 304
254 305
254 306
254 307
254 308
254 309
255 310
255 311
254 311
255 312
254 312
255 313
255 314
255 315
254 315
254 316
254 317
254 318
254 319
254 320
254 321
254 322
254 323
254 324
254 325
254 326
254 327
253 327
253 328
252 329
251 329
251 330
250 330
250 331
249 331
249 332
248 332
248 333
247 333
247 334
246 334
246 335
245 335
245 336
244 336
244 337
243 337
243 338
242 338
242 339
241 339
241 340
240 340
240 341
239 341
239 342
239 343
239 344
238 344
237 344
236 344
235 344
234 344
233 343
232 342
231 342
231 343
230 343
230 344
229 344