271 173
271 172
271 171
271 170
271 169
271 168
271 167
271 166
271 165
271 164
271 163
271 162
270 161
271 161
271 160
271 159
271 158
271 157
271 156
271 155
271 154
271 153
271 152
271 151
271 150
271 149
271 148
271 147
271 146
271 145
271 144
271 143
271 142
271 141
271 140
271 139
271 138
271 137
271 136
271 135
271 134
271 133
271 132
271 131
271 130
271 129
271 128
271 127
271 126
271 125
271 124
271 123
271 122
271 121
271 120
271 119
271 118
271 117
271 116
271 115
271 114
271 113
271 112
271 111
271 110
271 109
271 108
271 107
271 106
271 105
271 104
271 103
271 102
271 101
271 100
271 99
271 98
271 97
271 96
271 95
271 94
271 93
271 92
271 91
271 90
271 89
271 88
271 87
271 86
271 85
271 84
271 83
271 82
270 81
269 80
268 79
267 78
266 77
265 76
264 75
264 74
264 73
264 72
264 71
264 70
265 70
265 69
265 68
265 67
265 66
266 66
266 65
266 64
267 64
267 63
267 62
268 62
268 61
269 61
269 60
270 60
270 59
271 59
271 58
272 58
273 58
274 58
275 58
276 58
277 58
278 58
279 58
280 58
281 58
282 58
283 58
284 58
285 58
286 58
287 58
288 58
289 58
290 58
291 58
292 58
293 58
294 58
295 58
296 58
297 58
298 58
299 58
300 58
301 58
302 58
303 58
303 57
304 57
304 56
305 56
305 55
306 55
306 54
307 54
307 53
308 53
308 52
309 52
309 51
310 51
310 50
311 50
311 49
312 49
312 48
313 48
313 47
314 47
314 46
315 46
315 45
316 45
316 44
317 44
317 43
318 43
318 42
319 42
319 41
320 41
320 40
321 40
321 39
322 39
322 38
323 38
323 37
324 37
324 36
325 36
325 35
326 35
326 34
327 34
327 33
328 33
328 32
328 31
328 30
328 29
329 29
329 28
330 28
329 27
330 27
330 26
330 25
330 24
330 23
331 23
331 22
