43 306
42 305
41 304
40 303
39 302
38 301
37 300
36 299
35 299
34 298
33 297
33 296
33 295
32 294
31 294
30 293
30 292
29 291
28 290
28 289
28 288
28 287
29 287
30 287
31 287
31 286
31 285
31 284
31 283
32 283
32 282
33 282
33 281
34 281
34 280
35 280
35 279
36 279
36 278
37 278
37 277
38 277
38 276
39 276
39 275
40 275
40 274
41 274
41 273
42 273
42 272
42 271
43 271
43 270
44 270
44 269
45 269
46 269
46 268
47 268
47 267
48 267
48 266
48 265
49 265
49 264
50 264
50 263
50 262
50 261
51 261
51 260
51 259
52 259
53 259
53 258
54 259
54 258
55 259
55 258
56 258
57 258
57 259
57 260
57 259
57 260
57 261
57 262
58 263
59 264
58 263
58 262
58 261
58 260
57 261
57 260
57 259
57 258
57 257
58 257
58 256
58 255
59 255
59 254
59 253
59 252
59 251
59 250
59 249
58 248
57 247
56 246
55 245
58 243
59 243
60 243
61 243
61 242
61 241
61 240
62 240
63 240
64 240
65 240
65 239
65 240
64 240
63 240
62 240
61 240
61 241
60 241
61 242
62 243
62 242
63 242
63 241
64 241
64 240
65 240
65 239
66 239
66 238
67 238
67 237
68 237
68 236
68 235
69 235
70 236
70 235
70 234
71 234
71 233
72 233
72 232
73 232
73 231
74 231
74 230
75 230
74 229
75 229
74 228
75 228
75 227
76 227
76 226
77 226
77 225
77 224
78 224
77 223
77 222
77 221
77 220
77 219
76 219
77 219
76 219
75 219
74 219
73 218
74 218
75 218
76 218
77 218
78 218
77 217
78 217
78 216
79 216
79 215
80 215
80 214
80 213
81 213
80 212
80 211
80 210
81 210
80 209
81 209
81 208
82 209
83 210
82 209
83 209
82 209
83 209
84 209
84 210
84 211
84 210
84 209
84 208
84 207
85 208
85 209
85 210
86 211
87 211
88 212
88 211
89 212
89 213
90 213
91 213
91 212
92 213
92 212
93 212
92 211
92 210
92 209
92 208
92 207
92 206
92 207
91 206
90 206
89 206
89 205
88 204
88 205
88 206
87 206
86 206
87 206
88 206
88 205
88 204
89 204
90 204
90 203
90 202
91 203
91 202
92 203
92 202
93 202
94 202
94 201
94 200
94 199
95 199
95 198
95 197
95 196
95 195
96 196
96 195
95 195
96 195
97 196
98 196
99 196
100 196
101 197
101 198
101 199
102 199
102 200
102 201
102 200
102 201
103 201
102 201
102 202
101 202
101 203
101 204
101 205
101 204
101 203
101 204
101 205
101 206
101 207
101 208
102 209
102 208
103 209
104 210
105 211
105 210
106 211
107 211
108 211
108 212
109 213
109 212
110 213
111 213
111 212
111 211
112 211
113 211
114 211
115 211
115 210
115 209
115 208
115 209
116 209
115 208
115 207
115 206
116 206
116 205
117 206
117 207
117 208
117 209
117 210
117 211
118 212
117 212
118 213
119 214
120 214
121 215
122 215
123 216
124 216
123 216
124 217
125 218
126 219
127 220
128 221
127 221
126 221
126 220
126 219
126 218
125 217
124 216
123 215
122 214
121 214
120 213
119 213
119 214
118 214
117 214
117 215
117 216
116 216
116 217
116 218
115 218
116 219
115 219
115 220
115 221
115 222
115 223
116 224
116 223
116 224
115 224
115 225
115 226
115 227
115 228
115 229
115 230
114 230
114 231
114 232
114 233
113 232
113 233
112 233
112 232
111 231
112 231
111 231
112 232
112 231
112 232
113 232
113 231
113 230
114 230
114 229
114 230
113 229
113 230
112 230
111 229
111 230
110 230
109 229
110 229
109 228
109 229
110 229
111 229
112 230
112 229
112 228
112 227
112 228
111 228
111 229
110 229
110 230
109 230
109 231
109 232
109 233
109 234
109 235
109 236
108 236
108 237
108 238
108 239
108 240
108 241
107 241
107 242
106 242
107 243
106 243
105 243
105 244
104 244
103 244
102 244
101 244
100 244
100 245
100 244
99 243
99 242
98 241
99 241
99 240
99 239
100 239
100 238
101 238
102 239
101 239
100 239
99 239
98 239
98 240
97 239
96 238
95 237
94 236
93 235
94 235
93 234
93 233
92 232
91 232
91 231
91 232
91 233
90 233
90 232
90 231
90 230
91 230
91 229
91 230
91 231
92 232
92 231
92 230
92 229
91 228
90 227
90 226
89 225
90 225
91 225
92 225
93 225
93 224
94 224
94 223
95 223
95 222
96 222
96 221
97 222
98 222
99 222
100 222
100 221
101 221
101 220
102 220
102 219
103 219
103 218
104 218
105 218
105 217
106 217
106 216
106 215
105 215
104 215
103 215
102 214
101 213
100 213
99 213
98 213
97 213
96 213
95 212
94 211
93 210
92 209
91 208
92 208
91 207
91 206
90 205
89 204
89 203
89 202
88 201
87 200
87 199
86 198
86 197
86 196
86 195
86 194
86 193
86 192
86 191
86 192
86 193
85 193
85 194
85 195
86 196
86 198
85 198
85 199
84 199
84 200
84 201
84 202
83 202
82 202
81 202
81 203
80 203
79 203
78 203
77 203
77 204
77 205
76 204
75 204
74 203
74 204
73 204
72 203
72 204
71 204
70 204
70 205
69 205
69 206
69 205
69 204
70 204
70 203
71 203
71 202
72 202
72 201
72 200
72 199
73 199
73 198
72 197
72 196
71 195
71 194
70 193
69 192
68 191
67 190
66 189
65 188
64 187
63 186
62 185
61 184
61 183
60 182
60 181
60 180
60 179
60 178
60 177
61 177
62 177
62 176
63 176
63 175
64 175
64 174
65 174
65 173
66 173
66 172
66 171
67 171
67 170
68 170
68 169
68 170
68 169
68 168
69 168
69 167
70 167
71 167
70 166
71 166
72 165
73 165
73 164
74 164
75 164
76 164
77 164
77 163
78 163
78 162
79 162
79 161
79 160
79 159
80 159
80 158
80 157
80 156
80 155
80 154
79 153
79 152
78 151
77 150
76 149
75 148
74 147
73 146
73 145
72 144
71 144
70 143
70 142
70 141
70 140
70 139
70 138
70 137
70 136
69 136
69 137
69 138
68 138
68 139
67 139
66 139
66 140
66 141
66 142
66 143
65 143
65 144
64 144
64 145
63 145
62 145
60 145
60 146
60 147
60 148
61 149
60 149
59 149
59 150
58 150
58 151
57 151
57 152
56 152
56 153
55 152
54 151
55 152
56 153
57 153
57 152
56 151
55 151
54 150
54 151
54 152
54 153
53 153
52 153
52 154
51 154
50 155
50 156
49 156
48 156
47 156
46 156
46 157
46 158
45 157
44 156
43 156
43 157
42 156
41 156
41 157
40 156
39 156
39 157
40 157
41 158
40 158
40 159
39 159
40 159
40 160
41 161
41 162
42 163
42 162
43 162
42 162
41 162
40 162
39 162
38 162
37 162
36 162
35 162
34 161
33 161
32 160
31 160
30 159
29 158
28 157
27 157
26 157
25 157
24 157
23 157
22 156
21 156
21 155
22 155
22 156
22 157
21 156
21 155
22 155
21 154
20 153
19 152
18 151
17 151
16 150
15 149
15 148
14 147
13 146
13 145
14 145
13 145
14 146
13 146
13 145
13 144
12 143
11 142
11 141
11 140
10 139
10 138
9 137
9 136
9 135
9 134
9 135
10 136
9 136
8 136
7 136
7 135
7 134
7 133
7 132
7 131
7 130
8 130
8 129
8 128
9 128
10 128
10 127
10 126
9 125
10 125
9 124
8 123
8 122
8 121
8 120
8 119
8 118
11 119
10 118
10 117
11 117
10 116
9 115
9 116
10 116
10 115
10 114
10 113
10 112
10 111
10 110
11 110
11 109
12 109
12 107
12 106
13 107
14 108
14 107
14 106
15 106
15 105
16 105
16 104
17 104
17 103
17 104
17 105
17 104
17 103
18 103
18 102
19 102
19 101
20 101
20 100
21 100
21 99
22 99
22 98
23 98
23 97
24 97
23 97
22 96
23 96
24 96
24 95
25 94
26 94
26 93
27 93
27 92
28 92
29 92
29 91
30 91
29 90
30 90
30 89
31 89
31 90
31 91
30 91
30 90
31 90
32 89
32 88
33 88
33 87
34 87
34 86
35 86
35 85
36 85
37 85
38 85
39 85
39 84
39 83
40 83
40 82
41 82
41 81
41 80
41 79
42 79
42 78
43 79
44 80
45 80
46 81
47 81
48 81
49 81
50 81
51 81
52 81
53 81
53 80
54 80
55 80
56 81
56 80
57 81
58 81
59 81
60 82
61 83
62 84
63 85
64 86
64 85
65 86
66 86
67 86
68 87
69 88
69 89
69 90
69 89
70 89
71 90
72 91
73 92
74 93
75 94
76 95
77 96
77 97
77 96
78 97
78 96
79 97
78 97
79 98
78 98
78 99
79 100
80 101
81 101
81 100
81 99
80 98
80 97
79 96
78 96
77 96
76 96
76 95
76 94
75 94
74 94
73 94
73 95
72 95
72 96
71 96
71 97
71 98
71 99
70 99
70 100
69 100
68 100
67 100
66 100
65 100
64 100
63 100
62 99
61 98
61 99
62 100
62 101
62 102
63 103
63 104
63 105
63 104
64 104
64 103
63 102
62 101
61 100
61 99
60 98
60 97
60 96
59 95
59 94
59 93
58 92
57 92
58 92
57 92
57 93
57 94
57 95
56 94
56 95
55 95
54 95
53 95
52 95
51 95
50 95
49 95
48 95
45 95
45 96
44 96
43 96
42 96
41 96
41 97
40 97
39 97
38 97
38 98
39 99
38 99
37 98
38 99
37 99
37 100
37 101
37 102
37 103
36 103
35 103
34 103
34 104
35 105
34 105
32 105
31 105
32 105
33 105
34 105
33 104
32 104
32 105
31 105
31 106
30 106
30 107
30 108
29 108
28 108
27 108
26 108
25 108
24 108
24 109
24 110
24 111
24 112
23 111
23 112
25 108
25 109
24 110
23 110
23 111
23 112
23 113
23 114
23 115
22 115
22 116
22 117
21 116
21 117
20 117
21 118
20 118
19 118
18 118
18 119
19 120
19 119
20 120
19 120
20 121
20 122
20 123
20 124
20 125
20 126
19 126
20 126
20 127
20 128
20 129
20 130
20 131
20 132
20 133
20 134
20 135
21 135
21 136
21 137
22 137
21 137
22 138
22 139
23 139
24 139
24 138
25 138
25 137
26 137
26 136
27 136
27 135
28 135
29 135
29 134
30 134
30 133
31 133
31 132
31 131
32 132
32 131
33 131
33 130
34 130
34 129
35 129
35 128
36 128
37 128
38 128
37 128
37 129
37 128
38 129
37 128
38 128
37 127
37 126
37 125
38 125
39 126
39 127
39 126
39 125
39 124
38 124
37 124
38 124
37 123
37 122
38 123
38 122
39 123
39 122
39 121
39 120
39 119
39 118
40 118
40 117
40 116
40 115
41 115
41 114
42 114
42 113
42 112
42 111
43 111
43 110
44 110
45 110
46 111
47 112
48 113
49 114
50 115
50 116
51 117
51 118
50 118
50 119
50 120
50 121
50 122
49 122
49 123
48 123
47 123
46 123
45 123
44 123
43 123
42 123
41 123
40 123
40 124
39 124
39 125
38 125
38 126
37 126
37 127
37 128
37 129
37 130
36 130
35 130
34 130
33 130
33 131
32 131
32 132
31 132
31 133
30 133
30 134
29 134
29 135
28 135
28 136
28 137
28 138
28 139
28 140
28 141
29 142
30 143
31 143
32 144
33 144
32 143
33 143
34 143
34 142
35 142
36 142
37 142
38 142
39 142
40 142
41 142
42 143
43 143
44 143
44 142
45 142
45 141
45 142
46 143
47 143
48 144
48 143
49 143
49 142
49 141
49 140
50 139
49 139
49 138
50 138
50 137
51 138
51 137
52 137
52 136
52 135
52 134
52 133
53 133
53 132
54 133
55 134
55 133
55 132
55 131
55 130
54 129
54 128
55 128
55 127
56 127
56 126
57 127
58 127
59 127
59 126
60 126
61 126
62 126
63 126
64 126
64 125
65 125
65 124
66 124
66 123
66 122
67 122
67 121
68 121
67 120
67 119
67 118
68 118
68 117
69 117
69 116
69 115
70 115
70 114
70 113
70 112
70 111
70 110
70 109
70 108
70 107
70 106
70 105
70 104
70 103
70 102
70 101
70 100
70 99
71 99
71 98
72 98
72 97
73 97
73 96
74 96
75 96
77 97
78 98
79 98
78 97
78 96
78 95
77 94
76 93
75 92
74 91
74 90
74 89
74 88
74 87
75 87
75 86
75 85
76 85
75 84
76 84
75 83
75 82
75 81
76 81
76 80
77 80
77 79
78 80
79 80
79 79
80 79
80 78
81 78
81 77
82 77
82 76
83 76
83 75
84 75
84 74
85 74
85 73
86 73
87 73
86 73
86 74
86 73
86 72
87 72
87 71
87 72
86 72
87 72
87 71
88 71
89 71
89 70
90 70
91 70
91 69
92 69
93 69
93 68
94 68
95 69
96 69
96 68
96 69
96 70
96 71
97 71
98 71
99 72
100 73
101 74
102 75
103 76
104 77
104 78
104 79
105 79
106 79
107 80
108 81
109 81
110 82
109 82
110 83
111 83
112 83
113 84
114 85
114 86
115 87
116 88
115 88
116 89
116 88
116 87
117 87
117 86
117 87
117 88
118 89
119 90
120 91
121 92
122 93
123 94
123 93
124 94
124 95
124 96
125 96
125 95
125 96
126 97
127 98
127 99
127 100
128 101
129 102
130 103
131 104
132 104
132 105
132 106
133 106
134 107
135 108
135 109
134 109
134 110
133 110
132 111
132 112
132 113
131 113
131 114
131 115
130 115
130 116
129 116
129 117
128 117
128 118
128 119
127 119
126 119
126 120
125 120
125 121
124 121
125 122
124 122
124 123
123 123
123 124
122 124
122 125
121 125
121 126
120 126
119 125
119 126
118 126
119 127
118 127
117 126
117 127
116 127
116 128
115 128
114 128
114 129
113 129
112 129
111 129
110 128
110 129
110 130
110 131
110 132
110 131
111 131
111 130
111 129
112 129
113 130
114 131
115 132
116 133
117 133
118 133
119 134
120 135
121 136
120 137
121 137
122 137
122 138
122 139
122 140
123 140
123 141
123 142
122 142
121 141
121 142
121 143
121 144
121 145
121 146
120 146
119 146
118 146
117 146
118 146
117 145
116 145
117 145
118 145
118 144
118 145
118 146
118 147
118 148
117 148
117 149
116 149
116 150
116 149
115 148
116 149
116 148
116 147
116 146
117 146
117 145
118 145
117 145
116 145
115 145
114 145
113 144
113 143
112 142
111 141
112 142
112 141
111 141
110 140
109 140
109 139
108 139
107 139
106 139
105 139
104 139
105 139
105 138
106 138
107 138
107 137
107 136
106 136
105 136
104 135
105 136
106 137
107 138
107 139
107 140
107 141
107 142
107 143
107 144
107 145
107 146
106 146
106 147
105 147
105 148
105 147
105 146
105 145
106 145
107 146
106 145
107 146
106 146
106 147
106 148
105 148
105 149
104 149
104 150
103 150
103 151
102 151
102 152
101 152
101 153
100 153
100 154
100 155
99 155
100 155
99 154
99 155
99 156
99 157
100 157
101 157
101 158
102 159
103 160
103 161
103 162
104 162
104 163
105 164
106 164
107 165
108 166
109 167
110 168
111 169
111 170
112 171
113 171
114 172
115 173
115 174
115 173
116 173
117 173
117 174
117 173
117 172
117 173
117 174
118 175
119 176
119 177
120 178
120 179
121 180
122 181
123 182
124 182
124 181
125 181
125 180
126 180
126 179
127 179
128 179
129 179
130 179
131 179
132 180
133 181
134 182
135 182
135 183
135 182
136 183
137 183
138 183
138 184
137 184
137 185
138 185
139 186
140 187
141 188
142 188
143 188
144 188
145 188
145 189
145 188
146 188
146 187
147 187
147 186
148 186
148 185
149 185
150 184
150 183
151 183
151 182
152 182
153 182
153 181
153 180
154 181
155 182
155 181
155 180
155 179
156 179
156 178
155 177
155 176
155 175
155 174
154 173
153 172
154 173
153 173
153 174
152 174
153 174
154 174
155 174
156 174
157 174
157 173
157 175
158 176
158 177
157 177
158 177
159 177
158 176
157 176
156 176
155 175
154 174
153 174
153 175
154 175
155 175
156 175
157 176
158 176
159 177
159 176
158 175
157 174
156 173
156 172
156 171
156 170
156 169
156 168
156 167
156 166
156 165
156 164
156 165
156 166
156 167
157 167
157 166
157 165
157 164
157 165
157 166
157 165
157 164
158 164
158 163
159 163
159 162
159 161
160 161
160 160
160 161
160 160
161 160
162 160
163 160
164 160
163 160
162 160
163 160
164 160
165 160
166 160
167 160
167 159
168 159
168 158
169 158
169 157
169 158
169 157
169 158
170 158
170 157
171 157
172 157
172 156
173 156
173 155
174 155
174 154
175 154
175 153
176 153
176 152
176 153
176 152
177 152
177 151
178 151
178 150
179 150
180 150
181 150
181 149
182 149
183 149
184 149
185 149
185 150
186 150
187 150
188 151
188 152
189 153
190 154
191 155
192 156
193 156
194 157
195 158
194 158
194 159
195 159
196 160
197 161
198 162
199 163
200 164
201 164
202 165
203 166
204 167
205 167
206 167
207 167
207 166
208 166
208 165
208 164
208 163
209 163
209 164
209 165
208 165
207 165
207 166
207 167
206 167
206 166
206 165
207 165
207 164
208 164
208 163
209 163
209 162
210 162
210 161
211 160
212 160
212 159
212 158
212 157
213 157
214 157
214 156
214 155
215 155
215 154
216 154
217 154
217 153
218 153
219 153
220 153
221 153
221 152
222 152
223 153
223 154
224 155
225 156
226 157
226 156
225 155
224 155
225 155
226 156
227 157
228 158
229 159
229 160
230 160
230 161
231 162
232 163
233 163
232 163
232 164
233 164
234 165
233 165
233 166
233 167
233 168
233 169
233 170
233 171
233 172
232 172
232 173
231 173
231 174
231 173
231 174
231 175
230 175
229 175
229 176
228 176
228 177
227 177
227 178
226 179
225 179
224 179
224 180
223 180
224 180
225 180
224 180
224 181
223 181
223 182
222 182
222 183
221 183
221 184
220 184
220 185
219 185
219 186
218 186
218 187
217 187
217 188
217 189
216 189
216 190
215 190
215 191
214 191
214 192
214 193
213 193
212 193
211 193
212 193
213 194
214 195
213 195
212 194
211 193
210 193
209 192
210 193
211 194
212 194
213 195
213 194
212 193
212 192
211 191
210 191
210 192
209 192
208 192
207 192
206 191
205 191
204 191
203 191
202 191
202 192
201 192
201 193
200 194
199 194
198 194
197 194
198 194
199 194
199 195
198 195
198 196
197 196
197 197
196 197
196 198
196 199
196 200
196 201
196 202
196 203
196 204
196 205
196 206
197 207
198 208
199 209
199 208
200 209
200 210
201 211
202 212
203 212
202 211
203 212
204 212
205 212
206 212
207 212
208 212
209 212
210 213
211 214
212 214
213 214
214 214
213 213
214 213
214 212
214 211
214 210
215 210
215 209
216 209
217 210
217 211
217 212
217 213
217 214
217 215
217 216
217 217
217 218
218 219
218 220
219 220
220 221
220 222
221 223
222 224
223 225
224 226
225 227
226 227
226 228
226 229
226 230
226 231
226 232
225 232
225 233
224 233
224 234
223 234
224 235
223 235
223 236
223 237
223 238
222 237
221 237
221 238
220 238
219 238
219 239
218 239
218 240
218 241
218 242
218 243
217 243
216 244
216 245
215 245
215 246
214 246
214 247
213 247
213 248
212 248
212 249
211 249
211 250
210 250
209 250
209 251
208 251
208 252
207 251
207 252
206 251
206 252
205 250
204 250
203 250
202 249
201 248
200 247
199 246
198 245
197 245
196 245
195 245
194 245
193 245
193 246
192 246
192 247
191 247
191 248
190 248
190 249
190 250
189 250
189 251
188 251
188 252
187 252
187 253
186 253
185 253
184 253
184 254
184 255
184 256
183 256
182 256
182 257
181 257
181 258
180 258
180 259
179 259
179 260
179 261
178 261
178 262
177 262
177 263
176 263
176 264
175 264
175 265
175 264
175 265
176 266
175 266
175 267
174 267
174 268
173 268
172 268
171 268
171 269
170 269
170 270
169 270
169 271
168 271
168 272
167 272
167 273
166 273
165 274
164 273
163 273
163 274
162 274
162 275
161 274
161 275
160 275
159 274
159 275
159 274
158 274
157 274
156 274
155 274
154 274
153 274
152 274
152 275
151 275
151 276
150 276
150 277
149 277
148 278
147 278
146 278
146 279
145 279
145 280
144 280
143 280
143 281
142 281
141 281
140 281
140 282
140 283
139 282
138 281
138 280
139 280
138 280
137 280
136 280
135 279
135 278
134 278
133 277
133 276
132 275
132 276
130 276
130 275
129 274
129 273
128 272
129 272
128 271
128 270
128 269
128 267
128 268
127 267
126 266
125 266
124 266
124 267
123 267
123 268
122 268
122 269
121 269
120 268
119 267
118 266
117 266
116 266
115 265
115 264
115 263
115 262
116 262
116 261
117 261
117 260
117 259
118 259
118 258
118 257
118 256
119 256
119 255
120 255
119 254
120 255
121 255
121 254
122 254
123 253
123 252
124 252
125 253
124 252
125 253
126 254
127 255
128 256
129 256
130 257
130 258
130 259
130 260
130 261
130 262
129 262
129 263
128 263
128 264
127 264
127 265
127 266
127 267
128 268
127 268
128 269
128 270
128 271
128 272
128 273
129 274
130 274
131 275
132 276
133 277
134 278
135 279
136 280
137 281
138 281
139 281
140 281
141 281
142 281
148 276
149 276
150 276
151 276
152 276
153 276
154 276
155 276
156 276
157 276
158 276
159 276
160 276
161 276
162 277
162 278
163 279
164 280
165 281
166 281
167 282
166 282
167 283
168 283
167 282
167 283
168 284
169 285
170 286
171 287
172 288
173 288
174 288
175 288
176 288
177 288
177 287
178 287
178 286
179 286
179 285
180 285
180 284
181 284
182 284
183 284
184 284
185 284
186 284
187 284
187 285
188 286
188 285
188 284
189 285
190 286
191 287
192 288
193 288
194 289
195 290
195 289
196 289
195 289
194 289
194 290
194 291
194 292
193 292
193 293
193 294
193 295
193 296
192 296
192 297
191 297
191 298
190 298
191 299
191 300
191 301
191 302
191 303
191 304
191 305
191 306
191 307
192 308
193 309
194 310
195 310
196 310
197 310
198 310
199 310
200 310
201 310
202 310
203 310
203 309
204 309
204 308
205 307
206 307
206 306
207 306
207 305
208 305
208 304
209 304
209 303
210 303
210 302
210 301
210 300
210 299
211 299
211 300
210 300
209 300
209 301
208 301
208 302
208 303
208 302
207 302
206 302
206 301
206 300
206 299
205 299
204 298
203 297
203 296
202 295
201 295
201 296
200 296
200 297
199 298
198 298
198 299
198 300
199 301
200 302
201 303
201 302
202 302
203 302
203 301
204 301
204 300
205 300
205 299
205 298
205 297
204 296
204 295
203 295
202 294
201 294
200 294
200 295
199 295
199 296
198 296
198 297
197 297
198 298
197 298
197 299
198 300
197 300
198 301
199 302
200 302
201 302
202 302
203 302
203 301
204 301
204 300
205 300
205 299
205 298
205 297
204 296
203 295
202 295
201 295
200 295
200 296
199 296
199 297
198 297
198 298
198 299
198 300
198 301
199 301
200 302
201 303
201 302
202 302
203 303
203 302
204 302
204 301
204 300
203 299
202 298
201 297
201 296
201 295
200 294
200 295
199 295
199 296
199 297
199 298
200 299
199 299
200 300
201 300
202 300
203 300
204 300
203 299
204 299
204 298
204 297
203 296
202 296
201 296
200 296
199 296
199 297
199 298
199 299
200 300
201 301
202 301
203 301
203 300
204 300
204 299
204 298
204 297
204 296
204 295
203 295
202 295
201 295
200 295
200 296
200 297
199 297
199 298
200 299
200 300
201 301
201 300
202 301
203 301
203 300
204 300
204 299
204 298
204 297
203 297
202 297
201 297
200 297
200 298
200 299
200 300
201 300
202 300
203 300
