31 89
32 89
32 88
33 88
33 87
34 87
34 86
35 86
36 85
36 84
37 85
39 84
40 84
41 84
42 84
43 84
44 84
45 84
46 84
48 84
49 84
50 84
51 84
52 84
53 84
54 84
55 84
56 85
57 86
58 86
59 86
60 87
61 88
62 89
63 90
64 91
65 92
66 93
67 94
68 95
69 96
70 97
71 98
71 99
71 100
71 101
71 102
71 103
71 104
71 105
71 106
71 107
71 108
71 109
71 110
71 111
70 111
71 112
71 113
71 114
71 115
71 116
71 117
71 118
70 118
70 119
70 120
70 121
70 122
70 123
70 124
69 124
69 125
68 125
69 126
68 126
68 127
67 127
67 128
66 128
66 129
65 129
65 130
64 130
64 131
63 131
63 132
62 132
62 133
61 133
61 134
60 134
60 135
59 135
59 136
58 136
58 137
57 137
57 138
56 139
55 139
55 140
54 140
54 141
53 142
52 142
51 142
50 142
49 142
48 142
47 142
46 142
45 142
44 142
43 142
42 142
41 142
40 142
39 142
38 142
37 142
36 142
35 142
34 142
33 142
32 142
31 142
30 142
29 142
29 141
28 139
27 138
