65 142
65 144
64 144
64 145
63 145
63 146
62 146
62 147
61 147
61 148
60 148
60 149
59 149
59 150
58 150
58 151
57 152
56 152
56 153
55 153
54 153
53 153
53 154
52 154
52 155
51 155
51 156
50 156
49 156
48 156
47 156
46 156
45 156
44 156
43 156
42 156
41 156
40 156
39 156
38 156
37 156
36 156
35 156
34 156
33 156
33 157
32 157
31 157
30 157
29 157
28 157
27 157
26 157
25 157
24 157
23 156
22 155
21 154
20 153
19 152
18 151
17 150
16 149
15 148
14 147
13 146
12 145
11 144
10 143
9 142
8 141
8 140
8 139
8 138
8 137
8 136
8 135
8 134
8 133
8 132
8 131
8 130
8 129
9 129
9 128
9 127
9 126
9 125
9 124
9 123
9 122
10 122
9 121
9 120
9 119
9 118
9 116
9 115
8 114

15 106
31 91
