290 147
291 140
291 142
288 138
288 136
284 133
281 133
278 132
273 139
270 147
274 157
270 164
267 167
261 172
265 176
257 175
255 178
251 182
245 184
240 190
237 194
240 199
235 198
231 201
227 204
225 211
222 217
221 223
221 231
221 236
220 243
228 252
233 257
240 261
245 259
248 267
252 269
256 272
261 268
263 266
268 269
270 269
274 272
276 276
280 278
282 279
287 280
299 260
300 262
302 259
305 257
309 254
312 247
313 250
318 245
320 243
326 240
331 235
333 231
337 224
342 220
344 216
346 214
342 209
339 208
333 201
328 194
322 187
321 184
320 178
320 175
318 171
312 171
310 176
308 174
304 174
300 167
288 157
291 151
289 149
