51 170
45 167
34 154
25 145
20 139
15 135
11 124
15 118
16 110
19 104
25 95
26 93
33 89
29 90
28 88
28 92
26 91
26 92
29 91
34 88
39 78
43 74
48 71
44 63
38 56
43 47
54 34
58 30
64 34
73 43
76 47
71 59
77 71
68 81
68 89
68 97
80 103
85 99
80 107
71 102
68 89
65 84
71 77
78 68
70 58
82 44
90 37
104 24
108 28
118 39
122 42
118 50
113 57
110 61
109 59
111 59
111 61
110 61
108 56
103 49
100 52
101 60
105 63
110 74
118 78
121 81
126 79
131 77
133 80 
137 84
143 92
131 107
140 119
146 128
143 131
133 138
124 129
113 120
103 133
104 139
103 150
101 161
100 170
99 174
107 178
113 177
117 184
126 194
130 198
130 198