46 508
43 507
40 507
38 505
37 501
37 497
36 494
34 491
33 485
31 479
31 475
31 470
31 467
31 463
31 459
31 456
32 453
36 452
36 447
37 444
40 442
43 441
46 439
50 438
53 437
56 435
60 434
64 433
67 432
69 430
72 429
74 428
77 426
81 426
84 424
84 420
84 416
86 415
91 413
92 411
92 407
92 404
92 402
92 399
92 396
90 395
85 395
82 395
79 395
75 395
72 395
68 395
65 395
62 393
60 391
56 391
55 388
55 385
55 382
55 379
55 377
55 374
55 371
55 364
55 361
55 358
55 355
55 353
55 350
55 348
58 346
63 346
67 346
71 346
75 346
79 346
82 346
86 346
88 346
92 346
96 346
98 344
98 340
98 336
98 332
99 324
99 319
96 317
91 317
89 317
85 317
82 317
80 317
76 315
74 315
71 314
70 311
70 307
70 305
70 302
70 299
70 296
68 295
64 295
60 295
57 295
54 295
52 295
51 292
51 289
51 285
51 280
49 279
45 279
42 279
41 276
41 272
41 270
41 267
41 263
41 258
41 255
41 252
41 249
42 246
44 244
48 244
48 244
60 241
63 241
67 241
69 240
72 239
75 238
79 236
80 233
80 229
80 226
80 223
80 220
80 218
82 217
86 216
89 216
91 216
97 216
99 214
103 214
106 214
109 214
112 214
115 214
118 214
121 214
122 210
122 207
122 204
122 201
122 198
122 194
122 190
122 187
122 184
122 178
122 175
125 168
125 155
125 149
125 141
125 136
123 132
120 129
116 126
112 124
109 124
106 124
102 124
98 130
98 134
98 138
98 143
97 148
98 151
94 154
90 155
88 156
88 161
88 164
88 167
85 168
79 168
74 168
68 168
64 168
60 168
57 167
54 165
51 165
47 163
44 162
41 162
38 160
35 159
32 157
31 154
31 151
31 147
31 144
31 141
31 138
31 135
31 132
31 130
29 127
26 127
24 123
23 120
23 116
23 113
23 111
23 105
26 102
30 102
35 102
39 102
43 102
47 102
51 102
56 102
60 102
63 102
68 102
72 102
77 102
79 98
79 92
79 87
82 86
85 84
87 80
87 75
86 71
85 65
81 61
78 58
75 55
70 55
65 55
61 55
57 55
52 55
47 55
43 52
40 49
36 50
32 50
27 49
26 45
26 41
26 36
26 33
26 29
26 26
26 23
30 22
34 22
37 22
40 20
44 20
48 20
52 20
56 20
60 20
64 20
68 20
72 19
74 16
77 13
82 11
89 10
93 11
95 11
100 12
102 11
104 11
106 11
108 11
112 11
115 12
118 15
118 17
118 20
118 23
118 26
118 30
120 32
123 33
126 33
130 33
134 33
137 33
141 33
145 35
148 39
150 39
154 39
157 39
160 38
163 37
166 37
168 36
172 34
173 30
173 27
173 23
173 20
173 17
175 16
179 16
182 16
186 16
189 16
194 16
196 16
198 19
198 22
198 26
198 28
200 29
204 29
208 29
209 31
209 37
209 40
209 44
211 46
216 46
219 46
224 46
226 47
227 51
228 55
230 56
234 56
238 56
242 56
245 56
248 54
251 52
252 48
253 44
256 42
260 41
263 41
267 41
271 41
273 45
273 49
273 53
273 57
273 61
273 64
273 70
273 73
273 76
273 82
273 86
272 90
270 94
270 98
270 104
270 107
272 111
275 114
278 117
282 117
285 117
289 112
291 109
292 108
296 108
296 103
296 99
296 96
296 92
298 91
301 91
305 91
306 89
306 85
306 83
306 78
306 74
306 71
306 68
306 65
306 61
306 58
308 55
316 54
318 52
321 48
325 48
327 50
327 54
331 54
336 54
338 53
341 48
344 46
348 46
351 46
356 47
360 47
363 46
