197 212
196 211
195 210
194 209
193 208
193 207
193 206
192 205
191 204
191 203
190 202
189 201
188 200
188 199
188 198
187 197
187 196
187 195
187 194
187 193
187 192
187 191
187 190
187 189
187 188
187 187
187 186
187 185
187 184
187 183
187 182
187 181
187 180
187 179
187 178
187 177
187 176
187 175
187 174
187 173
187 172
187 171
187 170
187 169
187 168
187 167
187 166
187 165
187 164
187 163
187 162
187 161
187 160
187 159
186 158
185 157
184 156
183 155
182 154
181 153
181 152
181 151
181 150
181 149
180 148
179 147
178 146
177 145
176 144
175 143
174 142
173 141
172 140
171 139
170 138
169 137
168 136
167 135
166 134
165 133
164 132
163 131
162 130
161 129
160 128
159 127
158 126
157 125
156 124
156 123
156 122
156 121
156 120
155 119
155 118
155 117
155 116
155 115
155 114
155 113
155 112
154 111
154 110
154 109
154 108
154 107
153 106
152 105
151 104
150 103
149 102
148 101
148 100
148 99
148 98
148 97
148 96
148 95
148 94
148 93
148 92
148 91
148 90
148 89
147 88
146 87
145 86
144 85
145 85
145 84
145 83
145 82
144 81
143 80
144 80
144 79
144 78
144 77
144 76
143 75
143 74
143 73
143 72
143 71
143 70
142 69
142 68
142 67
142 66
142 65
142 64
143 64
142 63
141 62
140 61
139 60
138 59
137 58
136 57
135 56
134 55
133 54
132 53
131 52
130 51
129 50
130 50
130 49
131 49
131 48
131 47
131 46
130 45
130 44
129 43
128 42
127 41
126 40
125 40
124 40
123 40
123 41
122 41
122 42
121 42
120 42
119 42
118 42
117 42
116 42
115 42
114 42
113 42
112 42
111 42
110 42
109 42
108 42
107 42
106 42
105 42
104 42
103 42
102 42
101 42
100 42
99 42
98 42
98 43
97 43
97 44
96 44
96 45
95 45
95 46
94 46
93 46
92 46
91 46
90 46
90 47
89 47
89 48
88 48
88 49
87 49
87 50
86 50
86 51
85 51
85 52
84 52
84 53
84 54
84 55
84 56
84 57
84 58
84 59
84 60
84 61
84 62
84 63
83 63
83 64
82 64
82 65
81 65
81 66
80 66
80 67
79 67
79 68
79 69
79 70
79 71
78 71
78 72
78 73
78 74
78 75
78 76
78 77
78 78
78 79
78 80
78 81
78 82
78 83
78 84
78 85
78 86
78 87
77 87
77 88
76 88
76 89
75 89
75 90
74 90
74 91
73 91
73 92
72 92
72 93
71 93
71 94
70 94
70 95
69 95
69 96
68 96
68 97
67 97
67 98
66 98
65 98
64 98
63 98
62 98
61 98
60 98
59 98
58 98
57 97
57 96
57 95
57 94
57 93
56 92
56 91
56 90
56 89
56 88
57 88
57 87
57 86
57 85
58 85
58 84
59 84
59 83
59 82
59 81
59 80
59 79
59 78
59 77
59 76
58 75
58 74
58 73
57 72
56 71
56 72
56 73
56 74
55 74
55 75
54 75
54 76
53 76
53 77
52 77
52 78
51 78
50 78
49 78
49 79
48 78
47 78
47 79
46 79
45 79
45 80
44 80
43 80
42 80
41 80
40 80
39 80
38 80
37 80
36 80
35 80
34 80
33 80
32 80
31 79
30 79
30 80
29 80
29 81
28 81
28 82
27 82
27 83
26 83
27 84
26 84
26 85
25 85
25 86
24 86
24 87
23 87
23 88
23 89
22 89
22 90
21 90
22 91
21 91
21 92
21 93
21 94
21 95
20 95
21 96
20 96
20 97
19 97
19 98
18 98
18 99
17 99
17 100
18 101
19 102
20 103
21 104
