27 31
26 31
26 32
25 32
25 33
25 34
25 35
24 35
24 36
23 36
23 37
22 37
22 38
21 38
21 39
21 40
21 41
21 42
20 42
20 43
19 43
19 44
19 45
19 46
19 47
19 48
19 49
19 50
18 50
18 51
17 51
17 52
17 51
18 52
18 53
17 53
17 54
16 54
16 55
15 55
16 56
15 56
15 57
16 58
15 58
15 59
15 60
15 61
16 62
15 62
15 63
15 64
15 65
15 66
15 67
16 68
16 69
16 70
17 71
18 72
19 73
20 74
21 75
21 76
22 77
21 77
21 78
21 79
21 80
20 80
20 81
20 82
20 83
20 84
20 85
21 85
21 86
21 87
20 87
21 88
20 88
21 89
21 90
21 89
22 90
22 89
23 89
23 88
23 87
23 86
23 85
23 84
24 84
24 83
25 83
25 82
26 82
26 81
26 80
27 81
27 80
28 80
29 80
30 80
29 80
30 80
30 79
31 79
31 78
32 78
32 77
33 77
32 76
32 75
32 74
32 73
32 72
32 71
32 70
32 69
33 69
33 68
34 68
34 67
35 67
34 66
34 65
35 65
35 64
35 63
35 62
35 61
36 61
36 60
36 59
35 58
36 58
36 57
37 57
36 56
37 56
37 55
36 54
35 53
34 52
33 51
32 50
32 49
31 48
32 48
32 45
32 44
32 43
33 43
33 42
34 42
33 41
34 41
34 40
34 39
34 38
34 37
34 36
34 35
35 35
35 34
35 33
35 32
35 31
35 30
35 29
36 29
35 28
34 27
33 26
32 26
31 26
30 26
30 27
29 27
29 28
28 28
28 29
27 29
27 30
26 30
