73 385
73 386
73 387
73 388
73 389
74 390
74 391
74 392
74 393
75 394
76 395
77 396
78 397
79 397
80 397
81 397
82 397
82 398
82 399
83 400
84 401
85 402
86 403
87 404
88 405
89 406
90 407
91 407
92 407
93 408
93 409
93 410
94 410
94 409
95 409
95 408
96 408
96 407
97 407
97 406
98 406
98 405
99 405
99 404
99 403
100 403
100 402
101 402
101 401
102 401
102 400
103 400
103 399
104 399
104 398
105 398
105 397
106 397
106 396
107 396
107 395
108 395
108 394
108 393
108 392
108 390
108 389
109 390
109 389
110 389
110 388
111 388
111 387
111 386
111 385
111 384
111 383
111 382
111 385
111 382
110 382
109 382
108 381
107 380
106 379
105 378
105 377
104 376
103 375
102 374
101 373
100 372
99 371
98 370
97 369
96 368
95 367
95 366
95 365
95 364
94 363
93 362
92 361
91 360
90 359
89 358
88 357
88 356
88 355
88 354
88 353
88 352
88 351
89 351
89 350
89 349
89 348
89 347
89 346
90 346
90 345
91 345
91 344
92 344
92 343
93 343
93 342
94 342
94 341
95 341
95 340
96 340
96 339
97 339
97 338
98 338
98 337
99 337
98 336
99 336
99 335
99 334
99 333
99 332
99 331
98 330
97 329
96 328
95 327
94 326
93 325
92 324
92 323
92 322
92 321
92 320
92 319
92 318
92 317
93 317
93 316
94 316
94 315
95 315
95 314
96 314
96 313
97 313
97 312
98 312
98 311
99 311
99 310
100 310
100 309
101 309
101 308
102 308
102 307
103 307
103 306
104 306
104 305
105 305
105 304
106 304
106 303
107 303
107 302
108 302
108 301
108 300
109 300
109 299
110 299
110 298
111 298
111 297
112 297
112 296
113 296
113 295
114 295
114 294
115 294
115 293
116 293
116 292
117 292
117 291
118 291
118 290
119 290
119 289
120 289
120 288
121 288
121 287
122 287
122 286
122 285
122 284
123 284
129 279
130 279
131 278
132 278
132 277
133 277
133 276
134 276
134 275
135 275
135 274
136 274
136 273
137 273
137 272
138 272
138 271
139 271
139 270
140 270
141 270
140 270
141 270
141 269
142 269
142 268
143 268
143 267
144 267
144 266
145 266
144 265
144 264
144 263
144 262
144 261
144 260
144 259
144 258
144 257
144 256
144 255
144 254
144 253
145 253
145 252
145 251
145 250
145 249
145 248
145 247
145 246
144 245
143 244
143 243
142 242
143 242
143 241
144 241
144 240
144 239
144 238
144 237
144 236
144 235
144 234
144 233
144 232
144 231
144 230
145 230
146 230
147 231
148 232
147 232
147 233
147 232
146 232
147 232
147 231
146 230
145 229
144 228
143 227
143 226
143 225
142 224
141 223
140 222
139 221
139 220
139 219
139 218
138 217
138 216
138 215
138 214
138 213
138 212
139 212
138 211
137 210
136 209
135 208
134 207
133 206
132 205
131 205
130 204
129 203
128 202
127 202
126 202
125 202
124 202
123 202
122 202
121 202
120 202
119 202
118 202
117 202
116 202
116 203
115 203
115 204
114 204
114 205
113 205
114 206
114 207
113 207
112 208
112 209
112 210
111 209
111 210
111 211
111 210
112 210
111 210
112 211
112 212
112 213
113 214
112 214
112 215
113 216
114 217
115 218
114 218
115 219
116 219
116 220
116 221
116 208
116 221
116 222
116 223
116 224
116 225
116 226
116 227
116 228
116 229
116 230
116 231
116 232
116 233
116 234
116 235
116 236
116 237
116 240
115 240
115 241
115 242
115 243
115 244
115 245
115 246
115 247
115 248
115 249
115 250
115 251
115 253
115 254
115 255
115 256
115 257
114 257
114 258
113 259
113 260
