126 148
125 148
124 148
123 148
122 148
121 148
120 148
119 148
118 148
117 148
116 148
115 148
114 148
113 148
112 148
111 148
110 147
110 146
109 145
108 144
107 143
106 142
105 141
104 140
103 139
102 138
101 137
102 137
102 136
101 135
100 134
99 133
98 132
97 131
96 130
95 129
94 128
93 127
93 128
92 127
91 127
90 126
89 125
88 124
88 123
87 122
86 121
85 120
84 119
83 118
82 117
81 116
80 115
79 114
79 113
79 112
79 111
79 110
79 109
79 108
79 107
79 106
79 105
79 104
79 103
79 102
78 101
77 100
76 99
75 98
74 97
73 96
72 95
71 94
70 93
69 92
68 91
67 90
66 89
66 88
66 87
66 86
66 85
67 85
66 84
66 83
66 82
66 81
67 81
67 80
68 80
68 79
68 78
69 78
68 77
69 77
69 76
70 76
70 75
71 75
71 74
72 74
72 73
72 72
72 71
72 70
72 69
72 68
72 67
72 66
72 65
72 64
72 63
72 62
72 61
72 60
72 59
72 58
72 57
73 57
73 56
74 56
74 55
75 55
75 54
76 54
76 53
77 53
77 52
78 52
78 51
79 51
79 50
79 49
79 48
80 48
80 47
80 46
80 45
80 44
80 43
81 43
81 42
82 42
82 41
83 41
83 40
84 40
84 39
85 39
85 38
86 38
86 37
87 37
87 36
88 36
88 35
89 35
89 34
90 34
90 33
91 33
91 32
92 31
93 31
94 31
95 31
96 31
97 31
98 31
99 31
100 31
101 31
102 31
103 31
104 31
105 32
106 33
107 34
108 35
109 36
110 37
111 38
112 39
113 40
114 41
115 42
116 43
117 44
118 45
119 46
120 47
121 48
122 48
123 48
123 49
123 50
123 51
123 52
124 52
124 53
124 54
124 55
124 56
125 57
125 56
126 57
127 57
127 58
127 59
127 60
127 61
128 62
129 63
130 64
131 65
131 64
132 65
132 66
132 67
132 68
132 69
132 70
131 70
131 71
130 71
130 72
129 72
129 73
128 73
128 74
127 74
127 75
126 75
126 76
125 76
124 76
123 76
122 75
121 74
120 73
120 72
119 71
118 70
117 69
116 68
115 67
115 66
114 65
113 64
112 63
111 62
110 61
109 60
108 59
107 58
106 57
105 56
104 55
103 54
102 53
102 52
103 52
102 51
101 51
101 52
100 52
99 52
99 53
98 52
98 53
97 53
97 54
96 54
96 55
95 55
95 56
94 56
94 57
93 57
93 58
93 59
93 60
93 61
93 62
92 62
92 63
93 64
94 65
95 66
96 67
97 68
98 69
99 69
99 70
99 71
100 72
101 73
101 74
101 75
101 76
101 77
101 78
101 79
102 79
103 80
102 80
103 80
103 81
103 82
103 83
104 84
105 85
106 86
106 87
105 87
105 88
106 89
107 90
108 91
108 92
108 93
109 94
110 95
110 96
110 97
111 98
111 99
111 100
112 101
112 100
112 101
112 102
112 103
112 104
113 105
114 105
115 105
116 105
