106 436
105 436
105 437
104 437
104 438
103 438
103 439
102 439
102 440
101 439
101 440
100 440
99 440
98 440
97 440
96 440
95 440
94 439
94 438
93 437
92 436
91 435
90 434
90 433
89 432
88 432
87 432
86 431
85 430
84 429
83 428
82 427
83 428
82 427
81 426
80 425
79 424
78 424
77 423
76 422
75 422
74 422
73 422
72 422
71 421
70 420
69 419
69 418
68 417
67 416
66 415
65 414
64 413
63 412
62 411
61 410
60 409
59 408
58 407
57 406
56 405
56 404
55 403
55 402
54 401
53 400
53 399
53 398
52 397
52 396
51 395
50 394
49 393
49 392
48 391
48 390
48 389
48 388
47 387
48 387
47 386
48 386
49 386
48 385
49 385
48 384
49 384
49 383
50 383
50 382
51 382
51 381
52 381
51 381
52 381
53 380
53 379
53 378
54 378
54 377
55 377
55 376
56 376
56 375
56 374
56 373
56 372
57 372
57 371
58 371
58 370
59 370
59 369
60 369
60 368
61 368
61 367
64 364
65 364
65 363
66 363
65 362
65 361
66 361
66 360
67 360
67 359
68 359
68 358
68 359
69 358
70 358
70 357
71 357
71 356
75 353
76 353
77 353
78 353
79 353
80 353
81 353
81 352
82 352
83 353
84 354
85 355
86 356
87 357
88 358
89 359
90 360
91 361
92 362
93 363
93 362
94 363
95 363
96 364
96 365
96 366
96 367
97 368
97 367
98 368
98 369
98 370
99 371
99 370
100 370
101 371
101 372
102 373
102 372
103 373
104 374
104 375
105 376
106 377
107 378
107 379
108 380
107 380
108 380
109 380
109 381
110 382
109 382
110 382
111 382
111 383
112 384
112 385
112 386
112 387
112 388
111 388
110 388
110 389
109 389
109 390
108 390
108 391
107 391
107 392
106 392
106 393
106 394
106 395
106 396
105 396
105 397
104 397
104 398
103 398
103 399
102 399
102 400
101 400
101 401
100 401
100 402
99 402
99 403
98 403
98 404
97 404
97 405
96 405
95 405
95 406
95 407
94 407
94 408
93 408
93 409
92 409
92 410
91 410
90 409
89 408
88 407
87 406
86 405
85 404
84 403
85 403
85 402
84 401
83 400
82 399
81 398
80 397
79 396
78 395
77 394
76 393
75 392
74 391
73 390
72 389
72 388
72 387
72 386
72 385
72 384
72 383
72 382
72 380
72 378
72 377
