113 261
113 262
113 263
113 264
113 265
112 265
112 266
111 266
111 267
110 267
109 267
109 268
108 268
109 268
108 268
108 269
107 269
107 270
106 270
106 271
105 270
104 271
103 271
103 272
102 272
101 272
100 272
99 272
98 272
97 272
96 271
95 270
94 269
93 268
92 267
91 266
90 265
89 264
88 263
87 262
86 261
85 260
84 259
83 258
82 257
81 256
81 255
81 254
81 253
81 252
82 252
82 251
82 250
83 250
83 249
84 249
83 248
83 247
84 247
84 246
85 246
85 245
85 244
85 243
85 242
85 241
86 241
86 240
87 240
87 239
87 238
87 237
87 236
88 236
88 235
88 234
88 233
88 232
89 232
89 231
89 230
90 230
90 229
90 228
90 227
90 226
91 226
91 225
91 224
92 224
92 223
93 223
93 222
93 221
93 220
94 220
94 219
94 218
94 217
93 216
92 215
91 214
90 213
90 212
89 211
88 210
87 209
86 208
85 207
84 206
83 205
82 204
81 203
80 202
79 201
78 200
77 199
76 198
75 197
74 196
73 195
72 194
71 193
70 192
69 191
68 190
67 189
66 188
67 188
66 187
66 186
66 185
66 184
67 184
67 183
67 182
68 182
68 181
68 180
69 180
69 179
69 178
70 178
70 177
70 176
69 176
68 175
68 174
67 173
66 172
65 171
64 170
63 169
62 168
62 167
62 166
62 165
62 164
62 163
62 162
62 161
63 161
63 160
64 160
64 159
65 159
65 158
66 158
66 157
67 157
67 156
68 156
68 155
69 155
69 154
70 154
70 153
71 153
71 152
72 152
72 151
73 151
73 150
74 150
74 149
74 148
73 147
72 146
71 145
70 144
69 143
68 142
67 141
66 140
65 139
64 138
64 137
63 136
62 135
61 135
60 134
61 134
61 133
61 132
61 131
62 131
62 130
63 130
63 129
64 129
64 128
65 128
65 127
66 127
66 126
67 126
67 125
67 124
68 124
68 123
69 123
69 122
70 122
70 121
71 121
71 120
72 120
72 119
73 119
73 118
74 118
74 117
75 117
75 116
76 116
77 116
78 116
79 116
80 116
81 117
82 117
83 118
83 119
84 120
83 120
84 121
85 122
86 123
87 124
88 125
89 126
90 126
91 126
92 126
93 127
94 128
95 129
95 130
95 131
96 131
96 132
97 133
98 134
99 135
100 136
101 137
102 137
103 138
104 138
105 139
105 138
106 139
107 140
107 141
107 142
107 143
108 144
109 145
110 146
111 147
112 147
113 147
114 147
115 147
116 147
115 147
116 147
117 147
118 147
119 147
120 147
121 147
122 147
123 147
124 147
125 147
126 148
127 148
128 149
129 149
