105 436
104 437
105 437
104 438
103 438
103 439
102 439
102 440
101 440
100 440
99 440
98 440
97 440
96 440
95 439
94 438
93 437
92 436
91 435
90 434
89 433
88 432
88 431
87 430
86 430
85 429
84 428
83 427
82 426
81 425
80 424
79 423
78 422
77 422
76 422
75 421
74 420
73 419
72 418
71 418
70 417
69 416
68 415
67 414
66 413
65 412
64 411
63 411
62 410
61 409
60 408
59 407
58 406
57 405
56 404
55 403
54 402
54 401
54 400
53 399
52 398
51 397
51 396
51 395
50 394
49 393
49 392
49 391
49 390
49 389
49 388
49 387
49 386
49 385
50 385
50 384
51 384
51 383
52 383
52 382
53 382
53 381
55 380
55 379
56 379
56 378
56 377
56 376
57 376
57 375
58 375
57 374
57 372
58 372
58 371
58 370
58 369
59 369
59 368
60 368
60 367
61 367
61 366
62 366
62 365
63 365
63 364
64 364
64 363
65 363
65 362
66 362
66 361
67 361
67 360
68 360
68 359
69 359
69 358
70 358
70 357
71 357
71 356
72 356
72 355
73 355
73 354
74 354
74 353
75 353
76 353
77 353
78 353
79 353
80 353
81 353
82 353
83 353
84 353
85 354
86 355
87 356
88 357
89 358
90 359
91 360
92 361
93 362
94 362
95 362
96 362
95 362
96 363
96 364
97 365
97 366
97 367
97 368
98 369
99 369
99 370
100 371
101 372
102 373
103 374
104 375
105 376
106 377
107 378
108 379
109 380
109 381
109 382
109 381
110 382
111 382
111 384
111 385
111 386
111 387
111 388
110 388
110 389
109 389
109 390
108 390
108 391
107 391
107 392
106 392
106 393
105 393
105 394
104 394
104 395
103 395
103 396
102 396
102 397
101 397
101 398
100 398
99 398
99 399
98 399
98 400
97 400
97 401
96 401
96 402
95 402
95 403
94 403
94 404
93 404
93 405
92 405
92 406
91 406
91 407
90 407
89 406
88 405
87 405
86 404
85 403
84 402
83 401
82 401
81 400
80 399
79 399
78 399
77 399
76 398
75 397
74 396
73 395
72 394
71 393
70 392
69 391
68 390
69 390
69 389
69 388
69 387
70 387
70 386
71 386
71 385
71 384
70 383
70 382
70 381
71 381
71 380
71 379
72 379
72 378
72 377
73 378
74 378
74 379
74 380
73 380
72 380
71 380
71 379
71 378
72 378
72 377
73 378
73 377
74 378
75 379
75 380
74 380
75 381
76 381
76 382
76 381
77 381
77 380
78 380
79 380
80 381
81 382
80 382
80 383
79 383
79 384
78 385
78 386
78 387
78 388
78 389
78 390
78 391
78 392
78 393
78 394
79 394
82 401
84 402
88 407

93 408
100 401

110 388

114 384

108 378

96 365
95 364
94 363
93 362
92 361
91 360
90 359
89 358
89 357
89 356
89 355
89 354
89 353
89 352
89 351
89 350
89 349
89 348
90 348
90 347
91 347
91 346
92 346
92 345
93 345
93 344
94 344
94 343
95 343
95 342
96 342
96 341
97 341
97 340
98 340
98 339
99 339
99 338
99 337
99 336
99 335
98 334
98 333
98 332
97 331
96 330
95 329
94 328
93 327
93 326
93 325
93 324
93 323
93 322
93 321
93 320
93 319
93 318
94 318
94 317
95 317
95 316
96 316
96 315
97 315
97 314
98 314
98 313
99 313
99 312
100 312
100 311
101 311
101 310
102 310
102 309
103 308
104 308
104 307
105 307
105 306
106 306
106 305
107 305
107 304
108 304
108 303
109 303
109 302
110 302
110 301
111 301
111 300
112 300
112 299
113 299
113 298
114 298
114 297
115 297
115 296
116 296
116 295
117 295
117 294
118 294
118 293
119 293
119 292
120 292
120 291
121 291
121 290
122 290
123 290
124 290
125 290
126 289
125 288
126 288
126 287
126 288
126 287
127 287
127 286
127 285
127 284
128 284
128 283
129 283
129 282
130 282
130 281
131 281
131 280
132 280
132 279
133 279
133 278
134 278
134 277
135 277
135 276
136 276
136 275
137 275
137 274
138 274
138 273
139 272
138 272
137 272
138 272
138 271
139 271
139 270
140 270
139 269
140 268
139 267
140 267
140 266
141 266
141 265
142 265
142 264
143 264
143 263
144 263
144 262
144 261
144 260
144 259
144 258
144 257
144 256
144 255
144 254
144 253
144 252
144 251
144 250
144 249
144 248
144 247
144 246
144 245
144 244
144 243
144 242
144 241
144 240
144 239
144 238
144 237
144 236
144 235
144 234
144 233
144 232
145 231
143 232
144 232
144 231
144 232
143 231
143 230
143 229
144 229
143 228
142 227
141 226
141 225
141 224
141 223
140 222
139 221
139 220
139 219
139 218
140 218
139 217
138 216
138 215
138 214
138 213
137 212
136 211
137 211
137 210
136 209
135 209
136 209
135 208
134 208
133 207
132 206
131 205
130 204
129 203
128 202
127 201
126 201
125 201
124 201
123 201
122 201
121 201
120 201
119 201
118 201
117 201
117 202
116 202
116 203
115 203
115 204
114 204
114 205
114 206
114 207
114 208
113 208
113 209
113 210
113 211
113 212
113 213
113 214
114 215
114 216
114 217
113 217
114 218
115 219
116 220
117 222
117 223
117 224
117 225
117 226
117 227
117 228
117 229
117 230
117 231
117 232
117 233
117 234
117 235
117 236
117 237
117 238
117 239
117 240
117 241
117 242
117 243
117 244
117 245
116 245
116 246
116 247
116 248
116 249
116 250
116 249
115 250
116 250
115 249
115 250
115 248
115 249
114 249
115 249
116 249
116 250
116 251
116 252
116 253
117 254
116 254
117 255
117 256
116 256
116 255
116 254
116 253
116 252
116 251
116 252
116 253
116 254
117 255
117 254
117 253
117 254
117 255
117 256
117 257
116 257
116 258
115 258
115 259
115 260
115 261
115 262
115 263
115 264
115 265
114 265
114 266
113 266
113 267
112 267
111 267
110 267
109 267
109 268
108 268
108 269
107 269
107 270
106 270
106 271
105 272
104 272
103 272
102 272
101 272
100 272
99 272
98 272
97 271
96 271
95 270
94 269
93 268
92 267
91 266
90 265
89 264
88 263
87 262
86 261
85 260
84 259
83 258
82 257
81 256
81 255
81 254
81 253
81 252
81 251
82 251
82 250
83 250
83 249
84 249
84 248
85 248
85 247
85 246
85 245
85 244
85 243
86 243
86 242
86 241
86 240
86 239
86 238
86 237
87 237
87 236
88 236
88 235
88 234
88 233
89 233
89 232
90 232
89 231
90 231
90 230
90 229
91 229
91 228
91 227
91 226
91 225
92 225
92 224
92 223
92 222
92 221
92 220
92 219
92 218
92 217
92 216
91 215
90 214
90 213
90 212
89 211
88 210
87 209
86 208
85 207
84 206
83 205
82 204
81 203
80 202
79 201
78 200
77 199
76 198
75 197
74 196
73 195
72 194
71 193
70 192
69 191
68 190
67 189
67 188
68 188
68 187
67 186
67 185
67 184
67 183
67 182
67 181
67 180
67 179
67 178
67 177
67 176
67 175
67 174
66 173
65 172
64 171
63 170
63 169
63 168
63 167
63 166
63 165
63 164
63 163
64 163
64 162
65 162
65 161
66 161
66 160
67 160
68 159
68 158
69 158
69 157
70 157
70 156
71 156
71 155
72 155
72 154
73 154
73 153
73 152
73 151
73 150
73 149
73 148
72 147
71 146
70 145
69 144
68 143
67 142
66 141
65 140
64 139
63 138
63 137
63 136
63 135
63 134
63 133
64 133
64 132
64 131
64 130
64 129
65 129
64 128
65 128
65 127
65 126
66 126
72 119
73 119
74 119
75 118
76 118
76 117
77 117
78 117
79 117
78 117
79 118
79 117
80 118
80 117
81 118
82 118
83 118
83 119
83 120
83 121
84 122
85 123
86 124
87 125
88 125
89 125
90 125
91 125
92 125
92 126
93 127
94 128
95 129
95 130
96 131
96 132
97 133
98 134
99 135
100 136
101 137
102 138
103 139
104 140
105 141
106 142
107 143
108 144
109 144
110 145
111 145
112 145
113 145
114 145
115 145
116 145
117 145
118 145
119 145
120 145
121 145
122 145
123 145
124 145
125 145
126 145
126 146
126 147
127 148
127 149
127 150
128 151
129 152
129 153
130 153
130 154
130 155
129 155
128 155
128 156
128 157
127 157
126 157
125 156
124 156
123 155
122 154
121 153
121 154
120 153
119 152
118 151
117 150
116 150
115 150
114 150
113 150
112 149
112 148
112 147
111 146
110 145
109 144
108 143
107 142
106 141
105 140
104 139
103 138
102 137
101 136
100 135
99 134
98 133
97 132
96 131
95 130
94 129
93 128
92 127
91 126
90 125
89 124
88 123
87 122
86 121
85 120
84 119
83 118
82 117
81 116
80 115
80 114
80 113
80 112
80 111
80 110
80 109
80 108
80 107
79 106
79 105
78 104
77 103
76 102
75 101
75 100
75 99
74 98
73 97
72 96
71 95
70 94
69 93
68 92
68 91
68 90
68 89
68 88
68 87
68 86
68 85
68 84
68 83
68 82
68 81
68 80
68 79
68 78
69 78
69 77
70 77
70 76
71 76
71 75
71 74
71 73
71 72
71 71
71 70
71 69
71 68
71 67
71 66
71 65
71 64
71 63
71 62
72 62
72 61
73 61
73 60
74 60
74 59
75 59
75 58
75 57
75 56
76 56
76 55
77 55
77 54
77 53
77 52
78 52
78 51
79 51
79 50
80 50
79 49
80 49
80 48
80 47
80 46
81 46
81 45
81 44
81 43
81 42
82 42
82 41
83 41
83 40
84 40
92 32
93 32
94 32
95 32
96 32
97 32
98 32
99 32
100 32
101 32
102 32
103 32
104 32
105 32
106 33
107 34
108 35
109 36
110 37
111 38
112 39
113 40
114 41
115 42
116 43
117 44
118 45
119 46
120 46
121 47
122 47
122 48
122 49
122 50
128 58
133 64
132 62
134 68
130 73
129 73
129 74
128 74
128 75
127 75
127 76
126 76
126 77
125 77
124 77
123 76
122 76
121 76
120 75
120 74
119 73
118 72
117 71
118 71
118 70
118 69
118 68
117 67
116 66
115 65
114 64
113 63
112 62
111 61
110 60
109 59
108 58
107 57
107 56
106 55
107 55
106 54
105 54
104 54
103 54
102 54
101 54
100 54
99 54
98 54
98 55
97 55
97 56
96 56
96 57
95 57
95 58
95 59
95 60
94 60
94 61
94 62
94 63
94 64
94 65
95 66
96 67
97 68
97 69
97 70
97 71
98 71
99 72
100 73
101 74
101 75
102 76
103 77
103 78
104 79
104 80
104 81
104 82
105 83
105 84
105 85
105 86
106 87
107 88
107 89
108 89
107 89
108 90
108 89
108 90
109 91
110 92
110 93
110 94
110 95
109 95
109 96
109 97
109 98
110 99
111 99
110 99
111 100
111 101
111 102
112 103
113 103
114 103
115 103
114 102
114 103
114 104
115 105
115 106
115 107
114 107
115 107
116 107