15 258
15 257
16 257
16 256
17 256
17 255
18 255
18 254
19 254
19 253
20 253
20 252
21 252
21 251
22 251
22 250
23 250
23 249
24 249
24 248
24 247
24 246
25 246
25 245
26 245
26 244
27 244
27 243
28 243
28 242
29 242
29 241
30 241
30 240
31 240
31 239
32 239
32 238
33 238
33 237
34 237
34 236
35 236
34 235
34 234
35 234
35 233
35 232
34 231
33 230
33 229
33 228
32 227
31 226
30 225
29 224
28 223
27 222
26 221
25 220
24 219
24 218
24 217
24 216
24 215
24 214
24 213
24 212
24 211
24 210
24 209
25 209
25 208
25 207
25 206
25 205
26 205
26 204
27 204
27 203
28 203
29 203
30 203
30 202
31 202
31 201
32 201
33 201
34 201
35 201
36 201
37 201
38 201
38 200
39 200
39 199
40 199
40 198
41 198
41 197
42 197
42 196
47 191
48 191
48 190
49 190
49 189
50 189
50 188
51 188
51 187
51 186
51 185
52 185
52 184
52 183
52 182
53 182
53 181
54 181
53 180
54 180
54 179
54 178
55 178
55 177
55 176
55 175
56 175
56 174
56 173
56 172
57 172
57 171
58 171
58 170
59 170
59 169
60 169
60 168
61 168
61 167
62 167
62 166
62 165
63 165
63 164
64 164
65 164
65 163
66 163
66 162
67 162
67 161
68 161
68 160
69 160
69 159
70 159
70 158
71 158
71 157
72 157
72 156
73 156
73 155
74 155
74 154
75 154
75 153
76 153
76 152
77 152
77 151
78 151
78 150
79 150
79 149
79 148
79 147
80 147
80 146
81 146
81 145
81 144
81 143
81 142
81 141
81 140
82 140
82 139
83 139
83 138
84 138
84 137
85 137
85 136
85 135
86 135
86 134
87 134
87 132
86 131
85 130
84 129
83 128
83 127
83 126
82 125
81 124
79 122
79 121
79 118
79 117
78 116
79 116
78 115
78 114
78 113
78 112
80 111
80 110
80 109
81 109
81 108
82 108
82 107
83 107
83 106
84 106
84 105
85 105
85 104
86 104
86 103
87 103
87 102
88 102
88 101
89 101
90 101
91 101
92 101
93 101
94 101
95 101
96 102
96 101
96 100
97 100
98 100
99 100
99 99
100 99
100 98
101 98
101 97
101 96
101 95
102 95
102 94
103 94
104 94
105 94
106 94
107 94
108 94
109 94
109 93
110 93
110 92
110 91
111 91
110 90
111 90
111 89
112 89
112 88
113 88
113 87
114 87
114 86
115 86
116 86
117 86
118 86
119 86
120 86
121 86
122 86
123 86
124 86
125 86
126 86
128 86
129 86
129 85
130 85
130 84
131 84
131 83
132 83
132 82
133 82
133 81
134 81
134 80
134 81
141 74
142 74
144 73
145 73
146 73
147 73
148 73
149 73
150 73
151 73
152 73
153 73
154 73
155 73
156 73
157 73
158 73
159 73
160 73
161 73
162 73
163 73
164 74
165 75
166 75
167 76
168 77
169 78
170 79
171 80
172 80
173 80
174 81
175 82
176 83
177 84
178 85
179 86
180 87
181 88
182 89
183 89
184 89
185 90
184 90
185 91
185 92
185 93
185 94
186 95
186 96
187 97
188 98
189 99
190 99
191 99
191 100
191 101
191 102
191 103
191 104
191 105
191 106
191 107
190 107
190 108
189 108
189 109
188 109
188 110
187 110
187 111
188 112
187 112
187 114
187 115
186 115
186 116
185 116
185 117
184 117
184 118
183 118
183 119
182 119
182 120
181 120
181 121
180 121
180 122
179 122
179 123
178 123
178 124
177 124
177 125
176 125
176 126
175 126
175 127
174 127
174 128
173 128
173 129
172 129
172 130
171 130
171 131
170 131
170 132
169 132
169 133
168 133
168 134
167 134
167 135
166 135
166 136
165 136
166 137
165 137
165 138
165 139
165 140
165 141
165 142
165 143
165 144
166 145
166 146
166 147
167 148
168 149
169 150
170 151
170 152
170 153
171 154
172 155
173 156
174 157
175 158
176 159
177 160
178 161
179 162
180 163
181 164
182 165
182 166
182 167
182 168
182 169
182 170
182 171
182 172
182 173
182 174
182 175
182 176
182 177
182 178
182 179
181 179
181 180
180 180
179 180
179 181
178 181
178 182
177 182
177 183
176 183
176 184
175 184
175 185
174 185
174 186
173 186
173 187
172 187
172 188
171 188
171 189
170 189
170 190
169 190
169 191
168 191
168 192
167 192
167 193
166 193
166 194
165 194
165 195
164 195
164 196
163 196
163 197
162 197
162 198
161 198
161 199
160 199
160 200
159 200
159 201
158 201
158 202
157 202
157 203
156 203
156 204
155 204
155 205
154 205
154 206
154 207
153 207
153 208
152 208
152 209
152 210
151 210
151 211
150 211
150 212
149 212
149 213
148 213
147 213
146 213
145 213
144 213
143 213
143 214
142 214
142 215
141 215
141 216
140 216
140 217
139 217
139 218
138 218
138 219
137 219
136 219
136 220
135 220
134 219
134 220
133 219
132 219
131 219
131 220
130 219
129 218
